train files
Mxw: 1611
f001: 236
f002: 12
f011: 1
f012: 1
f013: 1
f101: 5598
f102: 5526
f103: 5510
f104: 5439
f105: 871
f106: 324
f107: 6
f108: 337
f109: 337
f201: 45
f202: 43
f203: 43
f204: 43
f301: 882
f302: 887
f303: 716
f304: 914
f305: 3582
f306: 60
f307: 60
f401: 200
f402: 194
f403: 194
f404: 194
f501: 397
f502: 387
f503: 391
f504: 393
f505: 774
f601: 58
f602: 58
f603: 58
f604: 58
f701: 20
f702: 7
irk: 1

test files
Mxw: 1611
f001: 236
f002: 12
f011: 1
f012: 1
f013: 1
f101: 5598
f102: 5526
f103: 5510
f104: 5439
f105: 871
f106: 324
f107: 6
f108: 337
f109: 337
f201: 45
f202: 43
f203: 43
f204: 43
f301: 882
f302: 887
f303: 716
f304: 914
f305: 3582
f306: 60
f307: 60
f401: 200
f402: 194
f403: 194
f404: 194
f501: 397
f502: 387
f503: 391
f504: 393
f505: 774
f601: 58
f602: 58
f603: 58
f604: 58
f701: 20
f702: 7
irk: 1

#==============================================================================
# START!!! 804_cv_lgb_onlyMe.py    PID: 9669    time: 2018-07-18 11:25:27.807096
#==============================================================================

  0%|          | 0/900 [00:00<?, ?it/s] 62%|██████▏   | 556/900 [01:00<00:37,  9.27it/s] 62%|██████▏   | 556/900 [01:19<00:49,  6.95it/s]100%|██████████| 900/900 [01:39<00:00,  9.01it/s]
  0%|          | 0/20 [00:00<?, ?it/s] 55%|█████▌    | 11/20 [00:00<00:00, 106.73it/s]100%|██████████| 20/20 [00:00<00:00, 130.87it/s]
no dup :) 
X.shape (307511, 300)
CV auc-mean(73:300): 0.7981804363080605 + 0.0012435884224455856
no dup :) 
X.shape (307511, 400)
CV auc-mean(73:400): 0.798146265113225 + 0.0014116860607078377
no dup :) 
X.shape (307511, 500)
CV auc-mean(73:500): 0.7981265533327477 + 0.0013135638572302475
no dup :) 
X.shape (307511, 600)
CV auc-mean(73:600): 0.7981674363663468 + 0.0014861181020645483
no dup :) 
X.shape (307511, 700)
CV auc-mean(73:700): 0.798126943892999 + 0.0012375360596070925
no dup :) 
X.shape (307511, 800)
CV auc-mean(73:800): 0.7979272328673208 + 0.0010267188055241444
no dup :) 
X.shape (307511, 900)
CV auc-mean(73:900): 0.797846900306386 + 0.001352971518132794
no dup :) 
X.shape (307511, 300)
CV auc-mean(74:300): 0.7979993290564262 + 0.003299789542078841
no dup :) 
X.shape (307511, 400)
CV auc-mean(74:400): 0.7982265145542835 + 0.003481653973505569
no dup :) 
X.shape (307511, 500)
CV auc-mean(74:500): 0.7984702193961623 + 0.003691014679669915
no dup :) 
X.shape (307511, 600)
CV auc-mean(74:600): 0.7984817503631513 + 0.0035894949334694527
no dup :) 
X.shape (307511, 700)
CV auc-mean(74:700): 0.7984092995752561 + 0.0032454958025398793
no dup :) 
X.shape (307511, 800)
