train files
f001: 236
f002: 12
f101: 5598
f102: 5526
f103: 5510
f104: 5439
f105: 871
f106: 324
f107: 6
f108: 433
f109: 433
f201: 57
f202: 55
f203: 55
f204: 55
f301: 223
f302: 223
f303: 223
f304: 223
f305: 887
f306: 60
f307: 60
f308: 1772
f309: 63
f310: 223
f401: 920
f402: 914
f403: 914
f404: 914
f405: 914
f406: 922
f407: 922
f408: 922
f501: 637
f502: 627
f503: 631
f504: 633
f505: 1254
f506: 627
f601: 90
f602: 90
f603: 90
f604: 90
f701: 20
f702: 7
f750: 1

test files
f001: 236
f002: 12
f101: 5598
f102: 5526
f103: 5510
f104: 5439
f105: 871
f106: 324
f107: 6
f108: 433
f109: 433
f201: 57
f202: 55
f203: 55
f204: 55
f301: 223
f302: 223
f303: 223
f304: 223
f305: 887
f306: 60
f307: 60
f308: 1772
f309: 63
f310: 223
f401: 920
f402: 914
f403: 914
f404: 914
f405: 914
f406: 922
f407: 922
f408: 922
f501: 637
f502: 627
f503: 631
f504: 633
f505: 1254
f506: 627
f601: 90
f602: 90
f603: 90
f604: 90
f701: 20
f702: 7

#==============================================================================
# START!!! 804_cv_lgb_onlyMe.py    PID: 4290    time: 2018-07-21 17:12:26.096951
#==============================================================================

  0%|          | 0/900 [00:00<?, ?it/s] 82%|████████▏ | 734/900 [01:00<00:13, 12.23it/s]100%|██████████| 900/900 [01:14<00:00, 12.01it/s]
  0%|          | 0/20 [00:00<?, ?it/s] 30%|███       | 6/20 [00:00<00:00, 57.41it/s] 90%|█████████ | 18/20 [00:00<00:00, 80.36it/s]100%|██████████| 20/20 [00:00<00:00, 88.35it/s]
no dup :) 
X.shape (307511, 300)
CV auc-mean(75:300): 0.7989497487570867 + 0.002411513144147089
no dup :) 
X.shape (307511, 400)
CV auc-mean(75:400): 0.7995138026851196 + 0.002246102065376105
no dup :) 
X.shape (307511, 500)
CV auc-mean(75:500): 0.7999499543359814 + 0.0024879504430479977
no dup :) 
X.shape (307511, 600)
CV auc-mean(75:600): 0.7993796520673196 + 0.002279901682464016
no dup :) 
X.shape (307511, 700)
CV auc-mean(75:700): 0.7995938346884202 + 0.0024091438224576856
no dup :) 
X.shape (307511, 800)
CV auc-mean(75:800): 0.7999818226922708 + 0.0027817010331536896
no dup :) 
X.shape (307511, 900)
CV auc-mean(75:900): 0.7998637339654593 + 0.002437138971869995
no dup :) 
X.shape (307511, 300)
CV auc-mean(76:300): 0.7993105772370439 + 0.0024176178922121383
no dup :) 
X.shape (307511, 400)
CV auc-mean(76:400): 0.7997522108638871 + 0.002810596040641474
no dup :) 
X.shape (307511, 500)
CV auc-mean(76:500): 0.8002608236799669 + 0.002827427658795197
no dup :) 
X.shape (307511, 600)
CV auc-mean(76:600): 0.7999748757178813 + 0.002650405129376353
no dup :) 
X.shape (307511, 700)
CV auc-mean(76:700): 0.8000386569592649 + 0.0027905046400511957
no dup :) 
X.shape (307511, 800)
CV auc-mean(76:800): 0.8001741151563374 + 0.002714713538298997
no dup :) 
X.shape (307511, 900)
CV auc-mean(76:900): 0.8000334269758869 + 0.0026187422832771173
no dup :) 
X.shape (307511, 300)
CV auc-mean(77:300): 0.7989656669081988 + 0.001992053737553573
no dup :) 
X.shape (307511, 400)
CV auc-mean(77:400): 0.7998983555466996 + 0.001831392840952015
no dup :) 
X.shape (307511, 500)
CV auc-mean(77:500): 0.7997839590279017 + 0.0018842752330969809
no dup :) 
X.shape (307511, 600)
CV auc-mean(77:600): 0.7996163911767022 + 0.002178992131835287
no dup :) 
X.shape (307511, 700)
CV auc-mean(77:700): 0.7998665007652493 + 0.0020834497398785584
no dup :) 
X.shape (307511, 800)
CV auc-mean(77:800): 0.8000628898220521 + 0.0019064118949280726
no dup :) 
X.shape (307511, 900)
CV auc-mean(77:900): 0.7999317339005314 + 0.0019854129095232603

#==============================================================================
# SUCCESS !!! 804_cv_lgb_onlyMe.py
#==============================================================================

time: 248.35min
