train files
f001: 248
f101: 2783
f102: 2733
f103: 2745
f104: 2717
f105: 871
f106: 324
f107: 6
f108: 337
f109: 337
f201: 57
f202: 53
f203: 53
f204: 53
f301: 882
f302: 887
f303: 899
f304: 914
f305: 3582
f306: 60
f307: 60
f401: 200
f402: 194
f403: 194
f404: 194
f501: 397
f502: 387
f503: 391
f504: 393
f505: 774
f601: 58
f701: 20

test files
f001: 248
f101: 2783
f102: 2733
f103: 2745
f104: 2717
f105: 871
f106: 324
f107: 6
f108: 337
f109: 337
f201: 57
f202: 53
f203: 53
f204: 53
f301: 882
f302: 887
f303: 899
f304: 914
f305: 3582
f306: 60
f307: 60
f401: 200
f402: 194
f403: 194
f404: 194
f501: 397
f502: 387
f503: 391
f504: 393
f505: 774
f601: 58
f701: 20

#==============================================================================
# START!!! 805_cv_lgb_maxwell.py    PID: 6901    time: 2018-07-10 23:23:43.621375
#==============================================================================

got 7902
  0%|          | 0/7902 [00:00<?, ?it/s] 10%|█         | 791/7902 [01:00<08:59, 13.18it/s] 10%|█         | 791/7902 [01:19<11:59,  9.89it/s] 20%|█▉        | 1551/7902 [02:00<08:11, 12.92it/s] 20%|█▉        | 1551/7902 [02:19<09:33, 11.08it/s] 28%|██▊       | 2198/7902 [03:00<07:47, 12.20it/s] 28%|██▊       | 2198/7902 [03:19<08:38, 10.99it/s] 36%|███▋      | 2866/7902 [04:00<07:02, 11.93it/s] 36%|███▋      | 2866/7902 [04:19<07:36, 11.02it/s] 45%|████▌     | 3577/7902 [05:00<06:03, 11.91it/s] 45%|████▌     | 3577/7902 [05:19<06:26, 11.18it/s] 55%|█████▍    | 4345/7902 [06:00<04:54, 12.06it/s] 55%|█████▍    | 4345/7902 [06:19<05:11, 11.43it/s] 64%|██████▎   | 5036/7902 [07:00<03:59, 11.98it/s] 64%|██████▎   | 5036/7902 [07:19<04:10, 11.45it/s] 75%|███████▍  | 5899/7902 [08:00<02:43, 12.28it/s] 75%|███████▍  | 5899/7902 [08:19<02:49, 11.80it/s] 83%|████████▎ | 6593/7902 [09:00<01:47, 12.20it/s] 83%|████████▎ | 6593/7902 [09:20<01:51, 11.77it/s] 90%|█████████ | 7128/7902 [10:00<01:05, 11.87it/s] 90%|█████████ | 7128/7902 [10:20<01:07, 11.50it/s] 97%|█████████▋| 7641/7902 [11:00<00:22, 11.57it/s]100%|██████████| 7902/7902 [11:17<00:00, 11.66it/s]
  0%|          | 0/20 [00:00<?, ?it/s] 45%|████▌     | 9/20 [00:00<00:00, 69.29it/s]100%|██████████| 20/20 [00:00<00:00, 91.10it/s]
no dup :) 
X.shape (307511, 9513)
[50]	cv_agg's auc: 0.794138 + 0.00264041
[100]	cv_agg's auc: 0.7956 + 0.00288684
[150]	cv_agg's auc: 0.79664 + 0.00287969
[200]	cv_agg's auc: 0.797527 + 0.00297271
[250]	cv_agg's auc: 0.798254 + 0.00297989
[300]	cv_agg's auc: 0.798929 + 0.00297391
[350]	cv_agg's auc: 0.799471 + 0.0030062
[400]	cv_agg's auc: 0.799929 + 0.00300711
[450]	cv_agg's auc: 0.800344 + 0.00302304
[500]	cv_agg's auc: 0.800636 + 0.00309814
[550]	cv_agg's auc: 0.800857 + 0.0031241
[600]	cv_agg's auc: 0.801033 + 0.00315401
[650]	cv_agg's auc: 0.801185 + 0.00318909
[700]	cv_agg's auc: 0.801311 + 0.0032065
[750]	cv_agg's auc: 0.801406 + 0.0031854
[800]	cv_agg's auc: 0.801519 + 0.00318861
[850]	cv_agg's auc: 0.801589 + 0.00322562
[900]	cv_agg's auc: 0.801638 + 0.00324301
[950]	cv_agg's auc: 0.801681 + 0.00325426
[1000]	cv_agg's auc: 0.801698 + 0.00327109
[1050]	cv_agg's auc: 0.801728 + 0.00326391
[1100]	cv_agg's auc: 0.801734 + 0.00324468
[1150]	cv_agg's auc: 0.80174 + 0.00325466
[1200]	cv_agg's auc: 0.801769 + 0.00326258
[1250]	cv_agg's auc: 0.801776 + 0.0032581
[1300]	cv_agg's auc: 0.801769 + 0.00325192
[1350]	cv_agg's auc: 0.801776 + 0.0032431
CV auc-mean: 0.8017831694786908

#==============================================================================
# SUCCESS !!! 805_cv_lgb_maxwell.py
#==============================================================================

time: 96.20min
Stopping instance(s) instance-3...
