train files
Mxw: 1611
f001: 236
f002: 12
f011: 1
f012: 1
f013: 1
f101: 5598
f102: 5526
f103: 5510
f104: 5439
f105: 871
f106: 324
f107: 6
f108: 337
f109: 337
f201: 45
f202: 43
f203: 43
f204: 43
f301: 882
f302: 887
f303: 716
f304: 914
f305: 3582
f306: 60
f307: 60
f401: 200
f402: 194
f403: 194
f404: 194
f501: 397
f502: 387
f503: 391
f504: 393
f505: 774
f601: 58
f602: 58
f603: 58
f604: 58
f701: 20
f702: 7
irk: 1

test files
Mxw: 1611
f001: 236
f002: 12
f011: 1
f012: 1
f013: 1
f101: 5598
f102: 5526
f103: 5510
f104: 5439
f105: 871
f106: 324
f107: 6
f108: 337
f109: 337
f201: 45
f202: 43
f203: 43
f204: 43
f301: 882
f302: 887
f303: 716
f304: 914
f305: 3582
f306: 60
f307: 60
f401: 200
f402: 194
f403: 194
f404: 194
f501: 397
f502: 387
f503: 391
f504: 393
f505: 774
f601: 58
f602: 58
f603: 58
f604: 58
f701: 20
f702: 7
irk: 1

#==============================================================================
# START!!! 802_cv_lgb_onlyMe.py    PID: 64642    time: 2018-07-17 15:41:15.419666
#==============================================================================

got 500
  0%|          | 0/500 [00:00<?, ?it/s]100%|██████████| 500/500 [00:40<00:00, 12.24it/s]
  0%|          | 0/20 [00:00<?, ?it/s] 70%|███████   | 14/20 [00:00<00:00, 110.59it/s]100%|██████████| 20/20 [00:00<00:00, 111.79it/s]
no dup :) 
X.shape (307511, 500)
[50]	cv_agg's auc: 0.769006 + 0.00274498
[100]	cv_agg's auc: 0.772762 + 0.00279133
[150]	cv_agg's auc: 0.775834 + 0.00257591
[200]	cv_agg's auc: 0.778756 + 0.00247278
[250]	cv_agg's auc: 0.781439 + 0.002471
[300]	cv_agg's auc: 0.783816 + 0.00239283
[350]	cv_agg's auc: 0.785788 + 0.00234908
[400]	cv_agg's auc: 0.787413 + 0.00228368
[450]	cv_agg's auc: 0.788714 + 0.00229376
[500]	cv_agg's auc: 0.78986 + 0.00227807
[550]	cv_agg's auc: 0.790727 + 0.00228382
[600]	cv_agg's auc: 0.791557 + 0.00228898
[650]	cv_agg's auc: 0.792219 + 0.00228735
[700]	cv_agg's auc: 0.79277 + 0.00227257
[750]	cv_agg's auc: 0.793258 + 0.00232826
[800]	cv_agg's auc: 0.793707 + 0.00234695
[850]	cv_agg's auc: 0.7941 + 0.00241005
[900]	cv_agg's auc: 0.794466 + 0.00246096
[950]	cv_agg's auc: 0.794797 + 0.00245688
[1000]	cv_agg's auc: 0.795071 + 0.00244992
[1050]	cv_agg's auc: 0.795368 + 0.00250061
[1100]	cv_agg's auc: 0.795663 + 0.00258875
[1150]	cv_agg's auc: 0.795905 + 0.00257683
[1200]	cv_agg's auc: 0.796127 + 0.0025813
[1250]	cv_agg's auc: 0.796335 + 0.00259063
[1300]	cv_agg's auc: 0.796539 + 0.00263515
[1350]	cv_agg's auc: 0.79672 + 0.00265733
[1400]	cv_agg's auc: 0.796899 + 0.00265648
[1450]	cv_agg's auc: 0.797028 + 0.00267267
[1500]	cv_agg's auc: 0.797127 + 0.00267084
[1550]	cv_agg's auc: 0.79724 + 0.00264692
[1600]	cv_agg's auc: 0.797359 + 0.0026405
[1650]	cv_agg's auc: 0.797515 + 0.00265803
[1700]	cv_agg's auc: 0.797646 + 0.00268163
[1750]	cv_agg's auc: 0.79773 + 0.00264622
[1800]	cv_agg's auc: 0.797801 + 0.0026374
[1850]	cv_agg's auc: 0.797873 + 0.00262515
[1900]	cv_agg's auc: 0.79795 + 0.0025915
[1950]	cv_agg's auc: 0.798024 + 0.00261243
[2000]	cv_agg's auc: 0.798106 + 0.00260305
[2050]	cv_agg's auc: 0.79817 + 0.00260281
[2100]	cv_agg's auc: 0.798214 + 0.00260834
[2150]	cv_agg's auc: 0.798268 + 0.00260179
[2200]	cv_agg's auc: 0.798306 + 0.00260677
[2250]	cv_agg's auc: 0.798331 + 0.0026161
[2300]	cv_agg's auc: 0.798386 + 0.00261773
[2350]	cv_agg's auc: 0.798424 + 0.0026104
[2400]	cv_agg's auc: 0.798445 + 0.00259682
[2450]	cv_agg's auc: 0.798471 + 0.00260459
[2500]	cv_agg's auc: 0.798473 + 0.00263671
[2550]	cv_agg's auc: 0.798501 + 0.00261264
[2600]	cv_agg's auc: 0.798523 + 0.00263403
[2650]	cv_agg's auc: 0.798552 + 0.00262397
[2700]	cv_agg's auc: 0.798528 + 0.00267203
CV auc-mean(500): 0.7985547537817982
